//PALACT 1
0
0,0
0,0
0.000,0.000,0.000
0.000,0.000,0.000
//P_POS
///FRAME
//PALACT 2
0
0,0
0,0
0.000,0.000,0.000
0.000,0.000,0.000
//P_POS
///FRAME
//PALACT 3
0
0,0
0,0
0.000,0.000,0.000
0.000,0.000,0.000
//P_POS
///FRAME
//PALACT 4
0
0,0
0,0
0.000,0.000,0.000
0.000,0.000,0.000
//P_POS
///FRAME
//PALACT 5
0
0,0
0,0
0.000,0.000,0.000
0.000,0.000,0.000
//P_POS
///FRAME
//PALACT 6
0
0,0
0,0
0.000,0.000,0.000
0.000,0.000,0.000
//P_POS
///FRAME
//PALACT 7
0
0,0
0,0
0.000,0.000,0.000
0.000,0.000,0.000
//P_POS
///FRAME
//PALACT 8
0
0,0
0,0
0.000,0.000,0.000
0.000,0.000,0.000
//P_POS
///FRAME
