//RECIPRO 1
0
0,0
0,0,0
0
0.000,0.1
0
0.000,0.1
0,0.1
0,0.000
//RECIPRO 2
0
0,0
0,0,0
0
0.000,0.1
0
0.000,0.1
0,0.1
0,0.000
//RECIPRO 3
0
0,0
0,0,0
0
0.000,0.1
0
0.000,0.1
0,0.1
0,0.000
//RECIPRO 4
0
0,0
0,0,0
0
0.000,0.1
0
0.000,0.1
0,0.1
0,0.000
//RECIPRO 5
0
0,0
0,0,0
0
0.000,0.1
0
0.000,0.1
0,0.1
0,0.000
//RECIPRO 6
0
0,0
0,0,0
0
0.000,0.1
0
0.000,0.1
0,0.1
0,0.000
//RECIPRO 7
0
0,0
0,0,0
0
0.000,0.1
0
0.000,0.1
0,0.1
0,0.000
//RECIPRO 8
0
0,0
0,0,0
0
0.000,0.1
0
0.000,0.1
0,0.1
0,0.000
//RECIPRO 9
0
0,0
0,0,0
0
0.000,0.1
0
0.000,0.1
0,0.1
0,0.000
//RECIPRO 10
0
0,0
0,0,0
0
0.000,0.1
0
0.000,0.1
0,0.1
0,0.000
//RECIPRO 11
0
0,0
0,0,0
0
0.000,0.1
0
0.000,0.1
0,0.1
0,0.000
//RECIPRO 12
0
0,0
0,0,0
0
0.000,0.1
0
0.000,0.1
0,0.1
0,0.000
//RECIPRO 13
0
0,0
0,0,0
0
0.000,0.1
0
0.000,0.1
0,0.1
0,0.000
//RECIPRO 14
0
0,0
0,0,0
0
0.000,0.1
0
0.000,0.1
0,0.1
0,0.000
//RECIPRO 15
0
0,0
0,0,0
0
0.000,0.1
0
0.000,0.1
0,0.1
0,0.000
//RECIPRO 16
0
0,0
0,0,0
0
0.000,0.1
0
0.000,0.1
0,0.1
0,0.000
