//TOOL 0
///NAME
0.000,0.000,0.000,0.00,0.00,0.00
//TOOL 1
///NAME
0.000,0.000,0.000,0.00,0.00,0.00
//TOOL 2
///NAME
0.000,0.000,0.000,0.00,0.00,0.00
//TOOL 3
///NAME
0.000,0.000,0.000,0.00,0.00,0.00
//TOOL 4
///NAME
0.000,0.000,0.000,0.00,0.00,0.00
//TOOL 5
///NAME
0.000,0.000,0.000,0.00,0.00,0.00
//TOOL 6
///NAME
0.000,0.000,0.000,0.00,0.00,0.00
//TOOL 7
///NAME
0.000,0.000,0.000,0.00,0.00,0.00
//TOOL 8
///NAME
0.000,0.000,0.000,0.00,0.00,0.00
//TOOL 9
///NAME
0.000,0.000,0.000,0.00,0.00,0.00
