//WEAV 1
0,0,0
00000000
10.0,10.0,90.0,0.0,2.0,3.5
0.10,0.00,0.10,0.00,0.10,0.00,0.10,0.00
0,0.0,0
//WEAV 2
0,0,0
00000000
10.0,10.0,90.0,0.0,2.0,3.5
0.10,0.00,0.10,0.00,0.10,0.00,0.10,0.00
0,0.0,0
//WEAV 3
0,0,0
00000000
10.0,10.0,90.0,0.0,2.0,3.5
0.10,0.00,0.10,0.00,0.10,0.00,0.10,0.00
0,0.0,0
//WEAV 4
0,0,0
00000000
10.0,10.0,90.0,0.0,2.0,3.5
0.10,0.00,0.10,0.00,0.10,0.00,0.10,0.00
0,0.0,0
//WEAV 5
0,0,0
00000000
10.0,10.0,90.0,0.0,2.0,3.5
0.10,0.00,0.10,0.00,0.10,0.00,0.10,0.00
0,0.0,0
//WEAV 6
0,0,0
00000000
10.0,10.0,90.0,0.0,2.0,3.5
0.10,0.00,0.10,0.00,0.10,0.00,0.10,0.00
0,0.0,0
//WEAV 7
0,0,0
00000000
10.0,10.0,90.0,0.0,2.0,3.5
0.10,0.00,0.10,0.00,0.10,0.00,0.10,0.00
0,0.0,0
//WEAV 8
0,0,0
00000000
10.0,10.0,90.0,0.0,2.0,3.5
0.10,0.00,0.10,0.00,0.10,0.00,0.10,0.00
0,0.0,0
//WEAV 9
0,0,0
00000000
10.0,10.0,90.0,0.0,2.0,3.5
0.10,0.00,0.10,0.00,0.10,0.00,0.10,0.00
0,0.0,0
//WEAV 10
0,0,0
00000000
10.0,10.0,90.0,0.0,2.0,3.5
0.10,0.00,0.10,0.00,0.10,0.00,0.10,0.00
0,0.0,0
//WEAV 11
0,0,0
00000000
10.0,10.0,90.0,0.0,2.0,3.5
0.10,0.00,0.10,0.00,0.10,0.00,0.10,0.00
0,0.0,0
//WEAV 12
0,0,0
00000000
10.0,10.0,90.0,0.0,2.0,3.5
0.10,0.00,0.10,0.00,0.10,0.00,0.10,0.00
0,0.0,0
//WEAV 13
0,0,0
00000000
10.0,10.0,90.0,0.0,2.0,3.5
0.10,0.00,0.10,0.00,0.10,0.00,0.10,0.00
0,0.0,0
//WEAV 14
0,0,0
00000000
10.0,10.0,90.0,0.0,2.0,3.5
0.10,0.00,0.10,0.00,0.10,0.00,0.10,0.00
0,0.0,0
//WEAV 15
0,0,0
00000000
10.0,10.0,90.0,0.0,2.0,3.5
0.10,0.00,0.10,0.00,0.10,0.00,0.10,0.00
0,0.0,0
//WEAV 16
0,0,0
00000000
10.0,10.0,90.0,0.0,2.0,3.5
0.10,0.00,0.10,0.00,0.10,0.00,0.10,0.00
0,0.0,0
